0.0011010 0.0008680 0.9999990
0.0015890 0.0010720 0.9999980
0.0047170 0.0026450 0.9999850
0.0062890 0.0027720 0.9999760
0.0113500 0.0040770 0.9999270
0.0138530 0.0061240 0.9998850
0.0172390 0.0049750 0.9998390
0.0239690 0.0049790 0.9997000
0.0273480 0.0049700 0.9996140
0.0341120 0.0042750 0.9994090
0.0372290 0.0040710 0.9992990
0.0434600 0.0035170 0.9990490
0.0459690 0.0036740 0.9989360
0.0509860 0.0040210 0.9986910
0.0533250 0.0043330 0.9985680
0.0579900 0.0010760 0.9983170
0.0623070 0.0050960 0.9980440
0.0644600 0.0054240 0.9979060
0.0683470 0.0057450 0.9976450
0.0702910 0.0059790 0.9975090
0.0737500 0.0061070 0.9972580
0.0754770 0.0061000 0.9971290
0.0785610 0.0057970 0.9968930
0.0801170 0.0061060 0.9967670
0.0815670 0.0037410 0.9966610
0.0843060 0.0037810 0.9964330
0.0854900 0.0035730 0.9963330
0.0864860 0.0015000 0.9962520
0.0885180 -0.0024870 0.9960720
0.0909770 -0.0014860 0.9958520
0.0921900 -0.0017990 0.9957400
0.0940250 -0.0054550 0.9955550
0.0977430 -0.0107670 0.9951530
0.1011010 -0.0192330 0.9946900
0.1060510 -0.0302930 0.9938990
0.1078070 -0.0417610 0.9932940
0.1063160 -0.0471610 0.9932130
0.1061370 -0.0537500 0.9928980
0.1063890 -0.0568340 0.9926990
0.1056670 -0.0646630 0.9922970
0.1026250 -0.0716210 0.9921380
0.0993630 -0.0827060 0.9916080
0.0980220 -0.0917580 0.9909450
0.0947980 -0.1029620 0.9901580
0.0871960 -0.1123640 0.9898340
0.0795140 -0.1216100 0.9893880
0.0737400 -0.1289400 0.9889070
0.0655010 -0.1378490 0.9882850
0.0597120 -0.1396750 0.9883950
0.0522250 -0.1423270 0.9884410
0.0458100 -0.1420920 0.9887930
0.0396440 -0.1400710 0.9893480
0.0398140 -0.1368730 0.9897880
0.0334370 -0.1305110 0.9908830
0.0305770 -0.1247100 0.9917220
0.0323290 -0.1212640 0.9920940
0.0274900 -0.1152880 0.9929520
0.0255540 -0.1118870 0.9933920
0.0240810 -0.1080470 0.9938540
0.0230680 -0.1061270 0.9940850
0.0217380 -0.1029390 0.9944500
0.0211930 -0.1013450 0.9946260
0.0205100 -0.0985600 0.9949200
0.0184470 -0.0971760 0.9950960
0.0193620 -0.0955180 0.9952390
0.0183230 -0.0922160 0.9955700
0.0182680 -0.0900150 0.9957730
0.0165820 -0.0856320 0.9961890
0.0156970 -0.0836720 0.9963700
0.0155810 -0.0797430 0.9966940
0.0154290 -0.0779570 0.9968370
0.0176150 -0.0743670 0.9970750
0.0161630 -0.0705360 0.9973780
0.0152730 -0.0686130 0.9975260
0.0137510 -0.0662840 0.9977060
0.0125720 -0.0651200 0.9977980
0.0127370 -0.0643050 0.9978490
0.0132400 -0.0626770 0.9979460
0.0112230 -0.0610400 0.9980720
0.0102860 -0.0602190 0.9981320
0.0087310 -0.0590040 0.9982200
0.0075700 -0.0583970 0.9982650
0.0056660 -0.0577260 0.9983160
0.0044290 -0.0573900 0.9983420
0.0024330 -0.0573510 0.9983510
0.0012020 -0.0573310 0.9983540
-0.0001920 -0.0575780 0.9983410
-0.0015000 -0.0580730 0.9983110
-0.0018090 -0.0589220 0.9982610
-0.0014970 -0.0593460 0.9982360
-0.0092220 -0.0633580 0.9979480
-0.0345760 -0.0645200 0.9973170
-0.0396750 -0.0697030 0.9967780
-0.0916060 -0.0675280 0.9935030
-0.0755510 -0.0830050 0.9936810
-0.1088450 -0.0824620 0.9906330
-0.0965830 -0.0946100 0.9908180
-0.1248760 -0.0872220 0.9883310
-0.1200870 -0.0968640 0.9880270
-0.1452430 -0.0853000 0.9857120
-0.1445130 -0.0921030 0.9852070
-0.1653250 -0.0775730 0.9831840
-0.1673590 -0.0807520 0.9825830
-0.1831080 -0.0646570 0.9809640
-0.1865390 -0.0634990 0.9803930
-0.1971260 -0.0473480 0.9792340
-0.2005360 -0.0414960 0.9788070
-0.2062100 -0.0272490 0.9781280
-0.2082200 -0.0165910 0.9779410
-0.2098570 -0.0055470 0.9777160
-0.2091180 0.0096800 0.9778430
-0.2078610 0.0164390 0.9780200
-0.2031640 0.0350690 0.9785160
-0.2003940 0.0369960 0.9790170
-0.1907680 0.0578680 0.9799280
-0.1878510 0.0552110 0.9806450
-0.1728520 0.0764190 0.9819790
-0.1711940 0.0695640 0.9827780
-0.1544800 0.0864260 0.9842080
-0.1354920 0.0945450 0.9862570
-0.1262320 0.0933480 0.9875990
-0.1222690 0.1016040 0.9872830
-0.1054890 0.1024810 0.9891260
-0.1158910 0.0863060 0.9895050
-0.0840780 0.0942850 0.9919890
-0.0960290 0.0804110 0.9921250
-0.0664490 0.0816840 0.9944410
-0.0883140 0.0669080 0.9938430
-0.0646160 0.0682060 0.9955770
-0.0439070 0.0686100 0.9966770
0.0075660 0.0570810 0.9983410
0.0092800 0.0547450 0.9984570
0.0181440 0.0535700 0.9983990
0.0361630 0.0507600 0.9980560
0.0482670 0.0493420 0.9976150
0.0581190 0.0476030 0.9971740
0.0643290 0.0441540 0.9969510
0.0758800 0.0403000 0.9963020
0.0818470 0.0383740 0.9959060
0.0941030 0.0341620 0.9949760
0.0997790 0.0320570 0.9944930
0.1113390 0.0276600 0.9933970
0.1199250 0.0254580 0.9924570
0.1260610 0.0234830 0.9917440
0.1290250 0.0195590 0.9914480
0.1371090 0.0150030 0.9904420
0.1409850 0.0127280 0.9899300
0.1510300 0.0105770 0.9884730
0.1541020 0.0095190 0.9880090
0.1597850 0.0065980 0.9871300
0.1656620 0.0051420 0.9861690
0.1697910 0.0039490 0.9854720
0.1718780 0.0015440 0.9851170
0.1797210 -0.0004690 0.9837180
0.1856740 -0.0015030 0.9826100
0.1891520 -0.0025540 0.9819450
0.1917290 -0.0046460 0.9814370
0.1995620 -0.0069480 0.9798610
0.2033770 -0.0081120 0.9790670
0.2112690 -0.0106800 0.9773700
0.2192440 -0.0120190 0.9755960
0.2240240 -0.0134730 0.9744900
0.2270630 -0.0162800 0.9737440
0.2375160 -0.0196540 0.9711850
0.2417270 -0.0213060 0.9701100
0.2510950 -0.0253910 0.9676290
0.2601850 -0.0273740 0.9651710
0.2636160 -0.0300200 0.9641610
0.2619880 -0.0353610 0.9644230
0.2749780 -0.0419700 0.9605340
0.2777880 -0.0452960 0.9595740
0.2850590 -0.0532690 0.9570290
0.2959220 -0.0570240 0.9535090
0.2954740 -0.0624810 0.9533050
0.3108130 -0.0728800 0.9476730
0.3152170 -0.0794920 0.9456840
0.3204710 -0.0927930 0.9427030
0.3222250 -0.0997280 0.9413950
0.3262450 -0.1165990 0.9380660
0.3323100 -0.1243680 0.9349340
0.3370520 -0.1303740 0.9324150
0.3362300 -0.1373600 0.9317090
0.3395090 -0.1477210 0.9289310
0.3415130 -0.1522790 0.9274590
0.3370300 -0.1618340 0.9274810
0.3435230 -0.1698410 0.9236590
0.3473560 -0.1737740 0.9214920
0.3462910 -0.1776430 0.9211540
0.3508210 -0.1849280 0.9180010
0.3532580 -0.1882350 0.9163930
0.3549570 -0.1949960 0.9143210
0.3555270 -0.1987490 0.9132900
0.3551930 -0.2063460 0.9117340
0.3545290 -0.2109000 0.9109500
0.3508000 -0.2201940 0.9101950
0.3571930 -0.2266250 0.9061200
0.3600110 -0.2298510 0.9041910
0.3587370 -0.2329090 0.9039150
0.3594670 -0.2386700 0.9021200
0.3595370 -0.2419260 0.9012240
0.3563780 -0.2487220 0.9006290
0.3625250 -0.2523780 0.8971520
0.3634210 -0.2544000 0.8962170
0.3650560 -0.2578160 0.8945750
0.3657560 -0.2595230 0.8937960
0.3671030 -0.2627070 0.8923120
0.3698210 -0.2645610 0.8906400
0.3699930 -0.2673870 0.8897240
0.3732670 -0.2708980 0.8872910
0.3836820 -0.2740900 0.8818520
0.3925630 -0.2748620 0.8776930
0.3950290 -0.2758670 0.8762700
0.3958820 -0.2786400 0.8750070
0.4028310 -0.2777450 0.8721150
0.4057200 -0.2771550 0.8709630
0.4121320 -0.2751390 0.8685880
0.4158620 -0.2734630 0.8673390
0.4183810 -0.2725900 0.8664020
0.4187990 -0.2737370 0.8658380
0.4226110 -0.2724530 0.8643900
0.4235040 -0.2724980 0.8639390
0.4253780 -0.2724780 0.8630230
0.4256810 -0.2730720 0.8626860
0.4273920 -0.2740900 0.8615170
0.4280210 -0.2748830 0.8609520
0.4311180 -0.2764820 0.8588920
0.4323810 -0.2776970 0.8578640
0.4379070 -0.2804490 0.8541580
0.4423680 -0.2798290 0.8520600
0.4443470 -0.2839220 0.8496730
0.4514190 -0.2886370 0.8443400
0.4551890 -0.2913360 0.8413830
0.4572590 -0.3037770 0.8358430
0.4691040 -0.3021100 0.8298620
0.4759410 -0.3002780 0.8266280
0.4765220 -0.3055080 0.8243740
0.4761310 -0.3179800 0.8198710
0.4898090 -0.3142330 0.8132310
0.4933670 -0.3164180 0.8102270
0.5010140 -0.3207400 0.8038100
0.5089080 -0.3179350 0.7999560
0.5094710 -0.3244650 0.7969700
0.5095560 -0.3388980 0.7908860
0.5254700 -0.3343030 0.7823830
0.5297400 -0.3366120 0.7785030
0.5385680 -0.3412170 0.7703990
0.5475300 -0.3378540 0.7655490
0.5483870 -0.3448020 0.7618290
0.5488900 -0.3602160 0.7542970
0.5662580 -0.3547880 0.7439600
0.5710560 -0.3569490 0.7392440
0.5807190 -0.3612730 0.7295530
0.5903500 -0.3573400 0.7237370
0.5914670 -0.3642710 0.7193570
0.5917580 -0.3804680 0.7106810
0.6093790 -0.3748600 0.6986680
0.6137270 -0.3776550 0.6933360
0.6224320 -0.3832280 0.6824330
0.6311080 -0.3804530 0.6759860
0.6309730 -0.3889490 0.6712610
0.6300390 -0.4065850 0.6616180
0.6470260 -0.4014320 0.6482350
0.6510550 -0.4044530 0.6422970
0.6589820 -0.4104860 0.6302730
0.6674130 -0.4075670 0.6232560
0.6669880 -0.4161620 0.6180100
0.6745580 -0.4221270 0.6056240
0.6783130 -0.4249370 0.5994340
0.6768860 -0.4422720 0.5884050
0.6924210 -0.4364800 0.5744900
0.6959440 -0.4391270 0.5681800
0.7024410 -0.4445200 0.5558590
0.7096260 -0.4416080 0.5490110
0.7088600 -0.4494520 0.5436080
0.7072140 -0.4650520 0.5325170
0.7202690 -0.4592480 0.5199080
0.7231160 -0.4613670 0.5140470
0.7279750 -0.4658560 0.5030210
0.7336490 -0.4632870 0.4971160
0.7327080 -0.4698610 0.4923120
0.7309990 -0.4825000 0.4825290
0.7408430 -0.4774440 0.4724400
0.7428810 -0.4789910 0.4676480
0.7460050 -0.4824800 0.4590100
0.7499690 -0.4806060 0.4544930
0.7489470 -0.4856160 0.4508380
0.7515410 -0.4886710 0.4431560
0.7528080 -0.4903560 0.4391250
0.7553200 -0.4936010 0.4311030
0.7565720 -0.4953890 0.4268350
0.7586590 -0.4993680 0.4184110
0.7596880 -0.5005660 0.4151000
0.7602520 -0.5048840 0.4087890
0.7626450 -0.5039570 0.4054630
0.7633420 -0.5041660 0.4038880
0.7638060 -0.5047780 0.4022440
0.7645660 -0.5043690 0.4013100
0.7658910 -0.5034060 0.3999910
0.7665470 -0.5029280 0.3993350
0.7680140 -0.5018660 0.3978500
0.7690450 -0.5009390 0.3970260
0.7704240 -0.4994950 0.3961710
0.7724510 -0.4970060 0.3953530
0.7728410 -0.4942930 0.3979840
0.7783720 -0.4857620 0.3977100
0.7863360 -0.4696550 0.4013720
0.7972360 -0.4520210 0.4001150
0.8169530 -0.4181680 0.3971440
0.8248170 -0.4038940 0.3956600
0.8379450 -0.3785150 0.3931600
0.8423500 -0.3699010 0.3919440
0.8489690 -0.3552010 0.3912590
0.8559300 -0.3436140 0.3864110
0.8667600 -0.3224560 0.3804590
0.8712290 -0.3140910 0.3772360
0.8789960 -0.2984830 0.3718520
0.8804010 -0.2941280 0.3719980
0.8834450 -0.2855520 0.3714640
0.8844200 -0.2820020 0.3718550
0.8873890 -0.2753990 0.3697240
0.8891330 -0.2722300 0.3678770
0.8930420 -0.2671120 0.3621150
0.8948770 -0.2649340 0.3591740
0.8985520 -0.2622260 0.3519110
0.9008490 -0.2613260 0.3466700
0.9032470 -0.2613160 0.3403800
0.9061440 -0.2617450 0.3322530
0.9074660 -0.2624780 0.3280410
0.9082830 -0.2638590 0.3246530
0.9100060 -0.2659520 0.3180560
0.9106040 -0.2669790 0.3154710
0.9107090 -0.2676590 0.3145920
0.9104190 -0.2688290 0.3144350
0.9104020 -0.2692550 0.3141180
0.9100280 -0.2699630 0.3145920
0.9102720 -0.2706280 0.3133140
0.9104750 -0.2710120 0.3123910
0.9104770 -0.2712610 0.3121690
0.9107060 -0.2718580 0.3109770
0.9108480 -0.2721360 0.3103170
0.9119190 -0.2730830 0.3063170
0.9118420 -0.2738580 0.3058540
0.9122970 -0.2756640 0.3028580
0.9130840 -0.2789480 0.2974310
0.9138790 -0.2807880 0.2932290
0.9140450 -0.2827940 0.2907730
0.9135000 -0.2862980 0.2890530
0.9136740 -0.2876460 0.2871590
0.9134320 -0.2899910 0.2855630
0.9137600 -0.2908380 0.2836480
0.9132310 -0.2918770 0.2842820
0.9129700 -0.2923920 0.2845920
0.9130410 -0.2937050 0.2830080
0.9132670 -0.2941360 0.2818290
0.9139470 -0.2950090 0.2786960
0.9143700 -0.2953250 0.2769670
0.9143050 -0.2955750 0.2769140
0.9144950 -0.2960400 0.2757880
0.9154160 -0.2962430 0.2724960
0.9173270 -0.2962530 0.2659800
0.9182100 -0.2960840 0.2631040
0.9200290 -0.2966220 0.2560510
0.9222260 -0.2957270 0.2490870
0.9272160 -0.2929090 0.2333980
0.9296540 -0.2907380 0.2263070
0.9351960 -0.2856040 0.2093780
0.9398480 -0.2794620 0.1964340
0.9442360 -0.2731910 0.1838050
0.9531090 -0.2570060 0.1597850
0.9565480 -0.2495750 0.1507570
0.9633990 -0.2316940 0.1348360
0.9657620 -0.2254430 0.1283730
0.9735100 -0.2008770 0.1092100
0.9764490 -0.1902710 0.1017080
0.9803230 -0.1738450 0.0935130
0.9815960 -0.1683470 0.0901560
0.9843930 -0.1545880 0.0841050
0.9869260 -0.1411150 0.0778640
0.9882570 -0.1328810 0.0754340
0.9912550 -0.1121190 0.0695950
0.9924870 -0.1016650 0.0680660
0.9950430 -0.0759040 0.0642470
0.9957800 -0.0659930 0.0637780
0.9969860 -0.0437770 0.0640540
0.9971640 -0.0379660 0.0649810
0.9974300 -0.0248200 0.0672140
0.9974390 -0.0174850 0.0693450
0.9973910 -0.0087130 0.0716630
0.9969320 0.0066040 0.0779920
0.9963760 0.0170880 0.0833220
0.9959130 0.0232060 0.0872840
0.9944890 0.0394940 0.0971180
0.9935460 0.0470840 0.1031950
0.9924650 0.0552810 0.1093450
0.9910980 0.0625460 0.1175250
0.9900180 0.0674690 0.1237430
0.9890070 0.0712790 0.1295520
0.9864300 0.0795940 0.1435950
0.9848660 0.0833080 0.1519800
0.9812200 0.0904010 0.1703940
0.9788550 0.0935440 0.1819120
0.9751950 0.0986690 0.1981370
0.9715930 0.0994300 0.2147580
0.9700440 0.0995660 0.2215890
0.9674060 0.0979340 0.2335270
0.9669590 0.0951760 0.2365010
0.9671060 0.0919310 0.2371810
0.9667540 0.0897300 0.2394470
0.9661940 0.0866460 0.2428200
0.9663030 0.0819880 0.2440020
0.9660820 0.0800950 0.2455010
0.9657000 0.0762730 0.2482060
0.9655430 0.0743040 0.2494100
0.9652130 0.0703030 0.2518370
0.9656100 0.0683290 0.2508560
0.9648980 0.0652690 0.2543830
0.9639490 0.0591590 0.2594290
0.9656330 0.0510210 0.2548520
0.9657480 0.0468460 0.2552180
0.9658910 0.0385750 0.2560590
0.9662260 0.0344320 0.2553850
0.9653110 0.0300870 0.2593620
0.9636100 0.0213990 0.2664560
0.9641850 0.0143600 0.2648410
0.9634750 0.0108030 0.2675810
0.9617140 0.0082800 0.2739300
0.9588470 0.0033120 0.2839030
0.9576780 0.0026290 0.2878300
0.9562270 0.0013010 0.2926210
0.9549100 0.0017900 0.2968910
0.9541040 0.0020470 0.2994690
0.9525500 0.0020210 0.3043750
0.9443830 0.0020540 0.3288400
0.9400110 0.0019320 0.3411390
0.9269200 0.0016880 0.3752540
0.9061500 0.0012600 0.4229540
0.8536610 -0.0170720 0.5205500
0.8021680 -0.0087240 0.5970350
0.7971730 0.0008400 0.6037500
0.7971740 0.0007910 0.6037500
0.7971730 0.0007460 0.6037500
0.7971740 0.0007000 0.6037490
0.7971750 0.0006550 0.6037480
0.7971740 0.0006110 0.6037500
0.7971730 0.0005660 0.6037500
0.7971740 0.0005230 0.6037490
0.7971750 0.0004800 0.6037480
0.7971750 0.0004370 0.6037490
0.7971740 0.0003920 0.6037490
0.7971740 0.0003500 0.6037490
0.7971740 0.0003110 0.6037500
0.7971740 0.0002700 0.6037490
0.7971760 0.0002300 0.6037470
0.7971760 0.0001920 0.6037460
0.7971760 0.0001500 0.6037470
0.7971750 0.0001080 0.6037480
0.7971750 0.0000680 0.6037480
0.7971750 0.0000300 0.6037490
0.5657130 0.0000080 0.8246020
0.3441580 -0.0035850 0.9389050
0.3399720 -0.0054300 0.9404200
0.3340180 -0.0067080 0.9425430
0.3276160 -0.0092380 0.9447660
0.3247400 -0.0099510 0.9457510
0.3187350 -0.0113970 0.9477750
0.3160340 -0.0116040 0.9486770
0.3102610 -0.0120120 0.9505760
0.3076450 -0.0117440 0.9514290
0.3019120 -0.0112050 0.9532700
0.2993000 -0.0104890 0.9541010
0.2933660 -0.0090390 0.9559580
0.2906320 -0.0079010 0.9568020
0.2841590 -0.0056120 0.9587610
0.2811370 -0.0040920 0.9596590
0.2737610 -0.0010450 0.9617970
0.2702810 0.0008420 0.9627810
0.2591940 0.0056570 0.9658090
0.2506450 0.0085540 0.9680410
0.2506360 0.0119470 0.9680080
0.2506250 0.0153400 0.9679630
0.2387920 0.0176590 0.9709100
0.2345460 0.0203590 0.9718920
0.2272170 0.0246550 0.9735320
0.2224840 0.0263870 0.9745790
0.2144450 0.0298470 0.9762800
0.2100910 0.0312050 0.9771840
0.2028220 0.0339070 0.9786280
0.1979370 0.0345570 0.9796050
0.1875430 0.0358650 0.9816010
0.1817970 0.0362190 0.9826690
0.1699000 0.0369390 0.9847690
0.1633450 0.0373920 0.9858600
0.1520830 0.0382980 0.9876250
0.1461550 0.0387610 0.9885020
0.1365560 0.0396770 0.9898380
0.1309760 0.0396490 0.9905920
0.1105160 0.0396320 0.9930840
0.0981800 0.0387450 0.9944140
0.0833060 0.0368720 0.9958420
0.0733650 0.0315140 0.9968070
0.0572740 0.0279350 0.9979680
0.0389800 0.0223980 0.9989890
0.0216460 0.0178880 0.9996060
0.0146430 0.0148410 0.9997830
0.0109700 0.0141910 0.9998390
-0.0026630 0.0129830 0.9999120
-0.0150600 0.0144280 0.9997830
-0.0301060 0.0150270 0.9994340
-0.0453840 0.0156950 0.9988460
-0.0567990 0.0177790 0.9982270
-0.0661600 0.0207880 0.9975920
-0.0732170 0.0252140 0.9969970
-0.0790650 0.0303340 0.9964080
-0.0842330 0.0343250 0.9958550
-0.0871430 0.0373110 0.9954970
-0.0879600 0.0396900 0.9953330
-0.0881980 0.0403800 0.9952840
-0.0889740 0.0376550 0.9953220
-0.0881980 0.0271590 0.9957330
-0.0864570 0.0163580 0.9961210
-0.0844050 0.0105040 0.9963760
-0.0822640 0.0082250 0.9965770
-0.0791600 0.0054110 0.9968470
-0.0751160 0.0039380 0.9971670
-0.0705480 0.0047370 0.9974970
-0.0641950 0.0074480 0.9979100
-0.0576600 0.0076410 0.9983070
-0.0546010 0.0114900 0.9984420
-0.0473590 0.0124730 0.9988000
-0.0410030 0.0134090 0.9990690
-0.0321310 0.0137150 0.9993900
-0.0255410 0.0119930 0.9996020
-0.0195930 0.0147080 0.9997000
-0.0149840 0.0106620 0.9998310
-0.0118920 0.0093720 0.9998850
-0.0103650 0.0082610 0.9999120
-0.0081700 0.0046470 0.9999560
-0.0070660 0.0049250 0.9999630
-0.0046740 0.0054760 0.9999740
-0.0034760 0.0060920 0.9999750
-0.0024650 0.0050360 0.9999840
-0.0004350 0.0018910 0.9999980
-0.0001450 0.0006070 1.0000000
0.0000020 0.0003670 1.0000000
0.0000100 0.0000140 1.0000000
0.0000160 0.0000150 1.0000000
0.0000230 0.0000140 1.0000000
0.0000320 0.0000140 1.0000000
0.0000400 0.0000140 1.0000000
0.0000460 0.0000140 1.0000000
0.0000530 0.0000140 1.0000000
0.0000620 0.0000140 1.0000000
0.0000700 0.0000140 1.0000000
0.0000770 0.0000140 1.0000000
0.0000840 0.0000150 1.0000000
0.0000910 0.0000150 1.0000000
0.0001000 0.0000140 1.0000000
0.0001080 0.0000130 1.0000000
0.0001160 0.0000140 1.0000000
0.0001210 0.0001760 1.0000000